1 2
143 15 8 361.08000
143 16 8 23.92000
2 7
321 18 3 386.97000
321 18 4 121.95500
321 18 1 129.06000
321 19 4 195.18000
321 18 6 92.44000
321 18 7 284.25000
321 18 8 260.14500
3 6
68 15 5 32.84500
68 14 5 70.94500
68 13 5 485.35000
69 17 4 109.16500
69 14 4 368.36000
69 13 5 192.33500
4 5
88 16 8 241.59000
88 17 8 352.47000
88 17 9 440.55000
89 17 9 440.55000
89 16 8 289.84000
5 4
379 18 4 243.91000
379 17 4 109.16500
379 18 3 386.97000
379 19 4 30.95500
6 9
304 3 2 302.25000
304 3 3 333.99000
305 3 3 166.99500
305 3 2 302.25000
306 3 2 302.25000
307 3 2 302.25000
308 3 2 151.12500
308 3 4 208.47000
309 3 4 36.42000
7 2
68 7 3 333.17000
68 7 5 131.83000
8 12
186 11 9 176.03000
186 13 9 295.97000
186 14 9 155.25000
187 11 9 88.01500
187 12 9 43.18000
187 14 9 155.25000
187 13 9 147.98500
188 12 9 86.36000
188 14 9 155.25000
190 12 9 86.36000
190 14 9 77.62500
192 11 9 29.72500
9 4
156 18 9 68.12000
156 19 8 386.07000
156 19 9 229.83500
157 19 9 433.97500
10 13
17 0 5 117.77500
17 1 5 175.04500
18 1 5 350.09000
18 0 5 235.55000
18 2 5 68.44000
19 0 5 235.55000
19 1 5 350.09000
19 2 5 136.88000
20 0 5 235.55000
20 1 5 350.09000
20 2 5 136.88000
21 0 5 235.55000
21 1 5 326.51000
11 3
149 12 6 348.17000
149 13 7 343.35000
149 14 6 249.48000
12 8
255 15 6 41.24000
255 16 7 313.00000
255 14 6 242.94500
255 13 6 90.75000
255 12 6 174.08500
255 11 6 62.80500
255 12 7 377.35000
255 10 6 41.82500
13 13
277 17 7 36.94000
277 17 8 176.23500
277 18 6 46.22000
277 18 5 187.14000
278 17 6 248.20000
278 17 8 352.47000
278 18 6 92.44000
278 18 5 93.57000
279 17 6 496.40000
279 17 8 352.47000
279 18 7 142.12500
279 18 6 92.44000
279 18 8 176.35000
14 6
339 6 2 154.33000
339 6 1 90.94500
339 5 2 424.24000
339 6 4 245.80000
339 4 2 457.58000
339 5 3 1.10500
15 2
355 19 8 386.07000
355 20 8 141.93000
16 1
367 19 8 136.00000
17 13
381 8 4 395.30000
381 8 5 9.77500
381 9 4 49.30000
381 9 6 19.90000
381 10 5 142.35000
381 11 4 77.66000
381 10 6 382.08000
381 11 5 15.96000
381 13 5 242.67500
381 14 4 368.36000
381 15 4 72.83500
381 17 5 93.31000
381 17 6 242.49500
18 4
31 15 9 105.34000
31 16 9 333.93000
31 17 9 220.27500
32 13 9 95.45500
19 12
125 7 2 214.37000
125 6 1 181.89000
125 5 1 136.07000
125 3 2 302.25000
125 4 1 172.30000
125 3 1 309.89000
125 2 1 292.64000
126 7 2 214.37000
126 5 2 212.12000
126 6 1 181.89000
126 5 1 68.03500
126 3 2 153.17500
20 8
293 10 5 284.70000
293 9 5 247.92000
293 10 6 382.08000
293 8 5 19.55000
293 9 6 19.90000
293 8 6 329.06000
293 9 7 159.20000
293 10 8 98.59000
21 23
156 9 8 261.44000
156 9 9 40.41000
156 10 8 87.97500
156 10 9 109.42000
156 11 8 175.60500
156 11 9 176.03000
156 13 9 295.97000
156 14 9 155.25000
157 9 8 261.44000
157 10 9 54.71000
157 11 9 88.01500
157 12 8 25.12500
157 12 9 43.18000
157 13 8 8.78000
157 13 9 147.98500
157 14 9 155.25000
158 9 8 261.44000
158 12 8 50.25000
158 12 9 86.36000
158 13 8 17.56000
158 14 8 33.73500
158 14 9 155.25000
159 9 8 44.82000
22 9
62 14 1 498.79000
62 15 1 288.17000
63 15 1 288.17000
63 14 1 249.39500
64 15 1 144.08500
65 16 1 67.34000
66 16 1 134.68000
67 16 1 134.68000
68 16 1 67.69000
23 5
285 16 9 166.96500
285 18 9 34.06000
285 20 9 296.29000
286 17 9 220.27500
286 20 9 143.41000
24 2
185 4 5 244.11500
185 6 5 290.88500
25 1
71 7 1 294.00000
26 4
325 19 8 386.07000
326 19 8 386.07000
327 19 8 193.03500
327 17 8 44.82500
27 14
27 14 7 185.84000
27 15 6 20.62000
27 13 7 171.67500
27 14 6 485.89000
27 16 6 13.87000
27 17 7 36.94000
27 13 6 45.37500
27 11 7 84.98000
27 12 6 348.17000
27 18 6 46.22000
27 11 6 125.61000
28 14 7 371.68000
28 13 7 343.35000
28 14 6 269.78000
28 13
85 10 4 53.93000
85 11 3 192.74000
85 12 4 169.36000
85 13 4 221.23000
85 9 4 24.65000
85 10 3 86.50000
85 12 3 247.60000
85 9 3 54.95000
85 12 2 415.10000
85 7 4 67.05500
85 8 3 36.57500
85 9 2 132.78000
85 7 3 154.53000
29 13
244 19 3 117.24000
245 19 3 117.24000
246 19 3 117.24000
247 19 3 58.62000
247 19 2 39.91500
248 19 2 79.83000
249 19 2 79.83000
250 19 2 79.83000
251 19 2 79.83000
252 19 2 39.91500
252 19 3 58.62000
253 19 3 117.24000
254 19 3 95.65000
30 4
187 4 7 322.16000
187 5 6 150.05000
187 6 7 85.23000
187 5 8 298.56000
31 12
12 6 7 85.23000
12 6 8 71.56000
12 8 6 164.53000
12 7 8 265.49000
12 9 6 19.90000
12 8 8 132.32500
12 9 7 159.20000
12 10 6 382.08000
12 10 7 202.49500
12 10 8 175.95000
12 11 8 351.21000
12 12 7 155.03000
32 11
83 1 8 70.22000
83 0 8 205.82000
83 0 6 115.54000
83 1 4 193.28000
83 0 4 240.75000
84 1 8 140.44000
84 0 8 205.82000
84 0 6 115.54000
84 1 4 193.28000
84 0 4 240.75000
85 1 8 37.56000
33 2
412 14 8 67.47000
413 14 8 33.73500
34 3
54 20 9 148.14500
55 20 9 296.29000
56 20 9 132.56500
35 10
79 11 4 77.66000
79 11 5 15.96000
79 12 4 338.72000
79 10 4 26.96500
79 13 4 110.61500
79 11 6 125.61000
79 14 4 368.36000
79 13 5 485.35000
79 12 6 348.17000
79 8 4 143.59000
36 6
185 14 9 77.62500
185 13 9 295.97000
189 14 9 155.25000
189 12 9 86.36000
191 12 9 86.36000
192 12 9 25.43500
37 4
51 13 2 94.02000
51 12 1 348.30000
51 11 2 497.35000
51 14 2 108.33000
38 8
13 12 7 377.35000
13 10 6 382.08000
13 9 6 19.90000
13 11 8 351.21000
13 8 6 329.06000
13 9 7 159.20000
13 10 8 175.95000
13 11 9 106.25000
39 14
176 14 3 436.96000
176 15 3 125.76000
176 14 5 141.89000
176 15 2 151.92000
176 15 4 72.83500
176 14 6 485.89000
176 16 2 83.63500
176 16 4 204.18000
176 15 5 65.69000
176 17 3 121.66000
176 15 6 41.24000
176 16 1 134.68000
176 16 5 436.97000
176 17 4 125.69000
40 7
377 13 8 8.78000
377 12 8 25.12500
377 13 9 147.98500
377 12 9 43.18000
377 14 9 155.25000
377 17 8 176.23500
377 17 9 359.44500
41 5
267 13 5 485.35000
267 12 5 197.98500
267 13 6 45.37500
267 11 5 7.98000
267 12 6 309.31000
42 3
190 19 5 83.38500
190 18 6 92.44000
190 18 7 81.17500
43 10
192 19 3 58.62000
193 19 3 117.24000
194 19 3 117.24000
195 19 3 117.24000
196 19 3 117.24000
197 19 3 58.62000
202 19 3 58.62000
203 19 3 117.24000
204 19 3 117.24000
205 19 3 5.70000
44 5
191 15 4 72.83500
191 13 5 242.67500
191 14 4 368.36000
191 15 7 437.28000
191 14 7 128.85000
45 3
228 14 7 371.68000
228 13 7 343.35000
228 11 7 63.97000
46 2
359 20 1 247.75500
360 20 1 62.24500
47 13
386 9 2 132.78000
386 10 3 86.50000
386 7 3 333.17000
386 10 2 133.88000
386 6 3 103.37000
386 7 2 214.37000
386 4 3 85.15000
386 5 2 212.12000
387 9 2 66.39000
387 10 3 43.25000
387 7 3 333.17000
387 10 2 267.76000
387 6 3 38.09000
48 9
298 16 8 241.59000
298 17 8 352.47000
299 17 8 352.47000
299 16 8 483.18000
299 18 7 142.12500
299 18 8 239.42500
300 18 8 478.85000
300 17 8 145.72000
300 18 7 8.17000
49 12
2 19 7 39.67500
2 19 8 193.03500
2 20 8 165.65000
3 19 7 79.35000
3 19 8 386.07000
3 20 8 165.65000
4 19 7 79.35000
4 19 8 386.07000
4 20 8 165.65000
4 20 9 148.14500
5 19 7 79.35000
5 19 8 185.00500
50 10
244 10 4 26.96500
244 10 5 284.70000
244 10 3 86.50000
244 9 4 49.30000
244 9 3 109.90000
244 11 3 192.74000
244 10 6 382.08000
244 8 4 197.65000
244 9 5 495.84000
244 12 3 138.32500
51 15
165 10 8 175.95000
165 9 8 130.72000
165 10 9 109.42000
165 9 9 80.82000
165 7 8 132.74500
165 8 9 221.90000
165 6 8 35.78000
165 5 8 301.85000
165 6 9 217.24000
165 5 9 490.39000
166 10 8 87.97500
166 9 8 261.44000
166 10 9 109.42000
166 9 9 40.41000
166 8 9 73.94000
52 15
391 20 2 18.91000
392 20 2 37.82000
393 20 2 37.82000
394 20 2 37.82000
395 20 2 37.82000
396 20 2 18.91000
401 20 2 18.91000
402 20 2 37.82000
403 20 2 37.82000
404 20 2 37.82000
405 20 2 37.82000
406 20 2 18.91000
411 20 2 18.91000
412 20 2 37.82000
413 20 2 37.82000
53 7
355 14 6 242.94500
355 14 5 141.89000
355 13 6 90.75000
355 12 6 174.08500
355 11 6 62.80500
355 12 5 395.97000
355 12 7 340.55500
54 3
232 12 5 197.98500
232 11 5 7.98000
232 10 5 197.03500
55 23
242 7 9 57.06500
242 9 9 80.82000
242 10 9 54.71000
242 11 9 88.01500
242 12 9 43.18000
243 9 9 80.82000
243 10 9 109.42000
243 11 9 176.03000
244 8 9 110.95000
244 9 9 80.82000
244 10 9 109.42000
244 11 9 176.03000
245 11 9 176.03000
246 8 9 221.90000
246 9 9 40.41000
246 10 9 109.42000
246 11 9 176.03000
247 7 9 57.06500
247 8 9 221.90000
247 10 9 54.71000
247 11 9 88.01500
247 12 9 43.18000
248 7 9 75.06000
56 10
214 12 5 395.97000
214 10 5 284.70000
214 9 5 495.84000
214 10 6 382.08000
214 8 5 19.55000
214 9 6 19.90000
214 7 5 68.33000
214 8 6 329.06000
214 6 5 456.16000
215 12 5 233.41000
57 6
34 4 8 219.83000
34 3 8 206.27000
34 5 8 150.92500
34 2 8 251.98000
34 6 8 71.56000
34 1 8 46.43500
58 9
69 17 6 496.40000
69 18 6 92.44000
69 17 8 352.47000
69 18 7 42.62500
69 17 9 440.55000
69 18 8 239.42500
69 18 9 68.12000
70 18 9 34.06000
70 17 6 94.91000
59 41
290 19 2 79.83000
291 19 2 79.83000
292 19 2 39.91500
292 19 1 43.89000
293 19 1 87.78000
294 19 1 87.78000
295 19 1 87.78000
296 19 1 87.78000
297 19 1 43.89000
297 19 2 39.91500
298 19 2 79.83000
299 19 2 79.83000
300 19 2 79.83000
301 19 2 79.83000
302 19 2 39.91500
302 19 1 43.89000
303 19 1 87.78000
304 19 1 87.78000
305 19 1 87.78000
306 19 1 87.78000
307 19 1 43.89000
307 19 2 39.91500
308 19 2 79.83000
309 19 2 79.83000
310 19 2 79.83000
311 19 2 79.83000
312 19 2 39.91500
312 19 1 43.89000
313 19 1 87.78000
314 19 1 87.78000
315 19 1 87.78000
316 19 1 87.78000
317 19 1 43.89000
317 19 2 39.91500
318 19 2 79.83000
319 19 2 79.83000
320 19 2 79.83000
321 19 2 79.83000
322 19 2 39.91500
322 19 1 43.89000
323 19 1 55.38500
60 13
163 15 7 437.28000
163 14 5 70.94500
163 15 6 41.24000
163 16 7 313.00000
163 17 7 73.88000
163 15 5 32.84500
163 14 3 436.96000
163 16 5 436.97000
163 15 4 145.67000
163 17 6 248.20000
163 18 7 284.25000
163 16 4 102.09000
163 15 3 36.67000
61 1
39 18 4 133.00000
62 10
362 11 8 351.21000
362 12 7 377.35000
362 13 6 45.37500
362 12 8 25.12500
362 13 7 171.67500
362 13 8 8.78000
362 14 7 185.84000
362 15 6 20.62000
362 14 8 67.47000
362 15 7 42.55500
63 14
325 18 9 34.06000
326 18 9 68.12000
327 18 9 68.12000
328 18 9 68.12000
329 18 9 68.12000
330 18 9 34.06000
335 18 9 34.06000
336 18 9 68.12000
337 18 9 68.12000
338 18 9 68.12000
339 18 9 68.12000
340 18 9 34.06000
345 18 9 34.06000
346 18 9 57.74000
64 3
51 13 5 242.67500
51 12 7 188.67500
51 13 7 157.65000
65 7
103 16 5 436.97000
103 16 4 102.09000
103 17 5 186.62000
103 18 5 93.57000
103 16 3 377.15000
103 16 7 313.00000
103 17 6 166.60000
66 3
198 10 4 53.93000
198 11 4 77.66000
198 9 5 178.41000
67 5
407 19 2 39.91500
408 19 2 79.83000
408 18 2 39.28000
409 18 2 89.77500
409 19 2 11.20000
68 1
19 9 8 58.00000
69 12
143 15 6 41.24000
143 13 6 90.75000
143 14 5 70.94500
143 15 5 32.84500
143 14 3 436.96000
143 17 6 248.20000
143 16 5 436.97000
143 15 4 145.67000
143 15 3 62.88000
143 14 2 411.19000
143 16 4 102.09000
143 17 5 16.26000
70 9
97 14 7 185.84000
98 14 7 371.68000
98 14 8 33.73500
99 14 8 67.47000
99 15 8 180.54000
99 15 7 218.64000
99 14 7 371.68000
100 15 8 361.08000
100 14 7 49.33500
71 5
271 8 5 9.77500
272 8 5 19.55000
273 8 5 19.55000
273 9 5 247.92000
274 9 5 326.20500
72 5
147 20 3 15.08000
148 20 3 7.54000
149 20 1 247.75500
150 20 1 495.51000
151 20 1 57.11500
73 7
340 20 7 464.17000
341 20 7 232.08500
341 20 8 82.82500
342 20 8 165.65000
343 20 8 165.65000
344 20 8 165.65000
345 20 8 70.97000
74 11
95 20 2 37.82000
95 20 3 15.08000
95 20 4 102.76500
96 20 2 18.91000
96 20 3 15.08000
96 20 4 205.53000
97 20 3 15.08000
97 20 4 205.53000
98 20 3 7.54000
98 20 4 205.53000
99 20 4 127.13500
75 7
352 16 2 167.27000
352 16 3 377.15000
352 15 1 288.17000
352 14 2 411.19000
352 15 4 145.67000
352 14 3 218.48000
352 14 1 240.07000
76 1
97 10 7 154.00000
77 6
65 2 9 143.33000
65 5 9 490.39000
65 6 9 217.24000
65 8 9 221.90000
65 9 9 80.82000
65 10 9 28.32000
78 7
66 3 2 302.25000
66 3 1 154.94500
67 3 2 302.25000
68 3 2 151.12500
68 3 4 208.47000
69 3 4 416.94000
70 3 4 14.02000
79 6
230 11 5 15.96000
230 11 4 77.66000
230 11 2 497.35000
231 11 5 15.96000
231 11 4 77.66000
231 11 2 486.41000
80 2
20 14 6 242.94500
20 14 7 298.05500
81 3
128 15 5 32.84500
128 15 3 62.88000
128 15 2 34.27500
82 13
10 17 3 243.32000
11 17 3 121.66000
11 17 5 93.31000
12 17 5 186.62000
13 17 5 186.62000
14 17 5 186.62000
14 17 4 109.16500
15 17 4 218.33000
15 17 5 186.62000
16 17 5 93.31000
16 17 4 218.33000
16 17 3 121.66000
17 17 3 180.43500
83 9
294 15 8 180.54000
297 17 8 176.23500
298 14 8 33.73500
299 14 8 67.47000
299 15 8 180.54000
300 14 8 67.47000
300 15 8 361.08000
300 16 8 483.18000
300 17 8 206.75000
84 8
264 4 5 488.23000
264 3 7 223.79000
264 4 6 137.70000
264 6 5 456.16000
264 7 5 68.33000
264 8 5 19.55000
264 7 7 488.74000
264 8 6 242.50000
85 9
229 20 1 247.75500
229 20 0 224.05500
230 20 1 495.51000
231 20 1 495.51000
231 20 2 18.91000
232 20 1 495.51000
232 20 2 37.82000
233 20 2 37.82000
233 20 1 112.11000
86 11
77 11 6 125.61000
77 12 6 348.17000
77 11 7 84.98000
77 11 5 7.98000
77 10 7 202.49500
77 13 6 45.37500
77 12 5 197.98500
77 11 4 38.83000
77 14 6 485.89000
77 8 6 164.53000
77 13 7 121.15500
87 5
68 18 3 386.97000
68 18 5 93.57000
68 19 5 166.77000
69 18 3 386.97000
69 18 4 43.72000
88 13
270 16 3 188.57500
270 17 3 243.32000
270 18 4 243.91000
270 15 2 303.84000
270 16 1 67.34000
270 17 2 239.82000
270 18 3 386.97000
270 15 1 288.17000
270 17 1 48.62000
270 18 1 64.53000
271 17 5 93.31000
271 15 4 72.83500
271 16 3 17.76000
89 7
398 17 6 248.20000
398 18 6 92.44000
398 17 4 218.33000
398 18 5 93.57000
398 19 6 180.52000
398 17 3 243.32000
398 18 4 204.62000
90 14
18 18 3 386.97000
18 20 3 7.54000
19 18 3 386.97000
20 18 3 386.97000
21 18 3 386.97000
22 18 3 193.48500
22 19 3 58.62000
23 19 3 117.24000
23 20 3 7.54000
24 19 3 117.24000
24 20 3 15.08000
25 19 3 117.24000
25 20 3 15.08000
26 19 3 67.05500
91 5
103 7 8 265.49000
103 6 8 71.56000
103 4 8 219.83000
103 3 8 103.13500
103 2 8 215.98500
92 1
225 2 6 18.00000
93 15
57 15 2 303.84000
57 16 4 204.18000
57 15 3 125.76000
57 16 5 218.48500
57 14 3 218.48000
57 13 2 188.04000
57 16 6 13.87000
57 15 5 65.69000
57 14 4 184.18000
57 13 3 212.77000
57 12 2 207.55000
57 11 2 248.67500
57 15 6 20.62000
57 13 4 221.23000
57 14 5 122.63000
94 13
49 18 7 142.12500
50 18 7 284.25000
51 18 7 284.25000
52 18 7 284.25000
53 18 7 284.25000
54 18 7 142.12500
59 18 7 142.12500
60 18 7 284.25000
61 18 7 284.25000
62 18 7 284.25000
63 18 7 284.25000
64 18 7 142.12500
69 18 7 99.50000
95 7
108 18 6 92.44000
108 18 9 68.12000
108 19 6 180.52000
108 19 9 459.67000
109 18 7 142.12500
109 18 6 92.44000
109 18 8 209.68500
96 13
403 18 1 129.06000
404 18 1 129.06000
404 18 2 89.77500
405 18 2 179.55000
405 18 1 64.53000
405 18 0 113.44000
406 18 2 179.55000
406 18 0 226.88000
407 18 3 193.48500
407 18 2 179.55000
407 18 0 226.88000
408 18 3 386.97000
408 18 2 140.27000
97 8
384 20 6 90.19000
384 20 3 15.08000
384 20 2 37.82000
384 20 8 165.65000
384 20 9 148.14500
385 20 4 102.76500
385 20 6 90.19000
385 20 9 9.16000
98 196
86 16 6 13.87000
87 16 6 13.87000
88 16 6 6.93500
93 16 6 6.93500
94 16 6 13.87000
95 16 6 13.87000
96 16 6 13.87000
97 16 6 13.87000
98 16 6 6.93500
103 16 6 6.93500
104 16 6 13.87000
105 16 6 13.87000
106 16 6 13.87000
107 16 6 13.87000
108 16 6 6.93500
113 16 6 6.93500
114 16 6 13.87000
115 16 6 13.87000
116 16 6 13.87000
117 16 6 13.87000
118 16 6 6.93500
123 16 6 6.93500
124 16 6 13.87000
125 16 6 13.87000
126 16 6 13.87000
127 16 6 13.87000
128 16 6 6.93500
133 16 6 6.93500
134 16 6 13.87000
135 16 6 13.87000
136 16 6 13.87000
137 16 6 13.87000
138 16 6 6.93500
143 16 6 6.93500
144 16 6 13.87000
145 16 6 13.87000
146 16 6 13.87000
147 16 6 13.87000
148 16 6 6.93500
153 16 6 6.93500
154 16 6 13.87000
155 16 6 13.87000
156 16 6 13.87000
157 16 6 13.87000
158 16 6 6.93500
163 16 6 6.93500
164 16 6 13.87000
165 16 6 13.87000
166 16 6 13.87000
167 16 6 13.87000
168 16 6 6.93500
173 16 6 6.93500
174 16 6 13.87000
175 16 6 13.87000
176 16 6 13.87000
177 16 6 13.87000
178 16 6 6.93500
183 16 6 6.93500
184 16 6 13.87000
185 16 6 13.87000
186 16 6 13.87000
187 16 6 13.87000
188 16 6 6.93500
193 16 6 6.93500
194 16 6 13.87000
195 16 6 13.87000
196 16 6 13.87000
197 16 6 13.87000
198 16 6 6.93500
203 16 6 6.93500
204 16 6 13.87000
205 16 6 13.87000
206 16 6 13.87000
207 16 6 13.87000
208 16 6 6.93500
213 16 6 6.93500
214 16 6 13.87000
215 16 6 13.87000
216 16 6 13.87000
217 16 6 13.87000
218 16 6 6.93500
223 16 6 6.93500
224 16 6 13.87000
225 16 6 13.87000
226 16 6 13.87000
227 16 6 13.87000
228 16 6 6.93500
233 16 6 6.93500
234 16 6 13.87000
235 16 6 13.87000
236 16 6 13.87000
237 16 6 13.87000
238 16 6 6.93500
243 16 6 6.93500
244 16 6 13.87000
245 16 6 13.87000
246 16 6 13.87000
247 16 6 13.87000
248 16 6 6.93500
253 16 6 6.93500
254 16 6 13.87000
255 16 6 13.87000
256 16 6 13.87000
257 16 6 13.87000
258 16 6 6.93500
263 16 6 6.93500
264 16 6 13.87000
265 16 6 13.87000
266 16 6 13.87000
267 16 6 13.87000
268 16 6 6.93500
273 16 6 6.93500
274 16 6 13.87000
275 16 6 13.87000
276 16 6 13.87000
277 16 6 13.87000
278 16 6 6.93500
283 16 6 6.93500
284 16 6 13.87000
285 16 6 13.87000
286 16 6 13.87000
287 16 6 13.87000
288 16 6 6.93500
293 16 6 6.93500
294 16 6 13.87000
295 16 6 13.87000
296 16 6 13.87000
297 16 6 13.87000
298 16 6 6.93500
303 16 6 6.93500
304 16 6 13.87000
305 16 6 13.87000
306 16 6 13.87000
307 16 6 13.87000
308 16 6 6.93500
313 16 6 6.93500
314 16 6 13.87000
315 16 6 13.87000
316 16 6 13.87000
317 16 6 13.87000
318 16 6 6.93500
323 16 6 6.93500
324 16 6 13.87000
325 16 6 13.87000
326 16 6 13.87000
327 16 6 13.87000
328 16 6 6.93500
333 16 6 6.93500
334 16 6 13.87000
335 16 6 13.87000
336 16 6 13.87000
337 16 6 13.87000
338 16 6 6.93500
343 16 6 6.93500
344 16 6 13.87000
345 16 6 13.87000
346 16 6 13.87000
347 16 6 13.87000
348 16 6 6.93500
353 16 6 6.93500
354 16 6 13.87000
355 16 6 13.87000
356 16 6 13.87000
357 16 6 13.87000
358 16 6 6.93500
363 16 6 6.93500
364 16 6 13.87000
365 16 6 13.87000
366 16 6 13.87000
367 16 6 13.87000
368 16 6 6.93500
373 16 6 6.93500
374 16 6 13.87000
375 16 6 13.87000
376 16 6 13.87000
377 16 6 13.87000
378 16 6 6.93500
383 16 6 6.93500
384 16 6 13.87000
385 16 6 13.87000
386 16 6 13.87000
387 16 6 13.87000
388 16 6 6.93500
393 16 6 6.93500
394 16 6 13.87000
395 16 6 13.87000
396 16 6 13.87000
397 16 6 13.87000
398 16 6 6.93500
403 16 6 6.93500
404 16 6 13.87000
405 16 6 13.87000
406 16 6 13.87000
407 16 6 13.87000
408 16 6 6.93500
413 16 6 6.93500
99 11
58 12 6 348.17000
58 13 7 343.35000
58 14 7 371.68000
58 12 4 338.72000
58 13 5 485.35000
58 14 6 485.89000
58 14 5 70.94500
58 13 4 221.23000
58 16 6 6.93500
58 15 5 32.84500
58 13 3 156.88500
100 12
180 9 4 24.65000
180 9 3 54.95000
180 11 4 77.66000
180 12 4 169.36000
180 12 3 247.60000
180 13 3 212.77000
180 14 4 368.36000
180 16 3 188.57500
180 17 3 243.32000
181 9 4 49.30000
181 9 3 109.90000
181 11 4 67.55500
101 8
327 10 7 202.49500
327 11 7 84.98000
327 13 7 171.67500
327 14 7 185.84000
328 10 7 404.99000
328 11 7 84.98000
328 13 7 343.35000
328 14 7 176.69000
102 1
313 9 2 103.00000
103 9
250 19 5 83.38500
250 20 5 16.77000
251 20 5 8.38500
251 20 6 45.09500
252 20 6 90.19000
253 20 6 90.19000
253 19 6 180.52000
254 19 6 361.04000
254 20 6 7.42500
104 7
9 10 4 26.96500
9 8 4 197.65000
9 7 5 68.33000
9 9 8 261.44000
9 8 7 276.64000
9 7 6 431.09000
9 10 7 403.88500
105 10
211 20 8 82.82500
212 20 8 165.65000
213 20 8 165.65000
214 20 8 165.65000
214 20 9 148.14500
215 20 9 296.29000
215 20 8 165.65000
216 20 8 82.82500
216 20 9 296.29000
217 20 9 62.02500
106 15
17 11 2 248.67500
17 12 2 207.55000
17 11 3 192.74000
17 13 2 188.04000
17 11 4 38.83000
17 11 5 7.98000
17 12 4 338.72000
17 13 3 212.77000
17 14 3 218.48000
17 12 5 197.98500
17 15 2 303.84000
17 13 4 221.23000
17 11 6 125.61000
17 11 7 84.98000
17 15 3 28.57000
107 5
381 15 7 437.28000
381 14 7 371.68000
381 16 7 156.50000
381 13 7 343.35000
381 18 7 188.19000
108 9
271 16 8 483.18000
271 16 7 156.50000
271 17 8 352.47000
271 18 8 478.85000
271 17 6 496.40000
271 18 7 284.25000
271 18 6 92.44000
272 16 8 483.18000
272 16 7 17.73000
109 14
207 10 2 267.76000
207 10 3 43.25000
207 11 2 248.67500
207 10 4 53.93000
207 11 3 192.74000
207 12 2 207.55000
207 13 2 188.04000
207 11 4 38.83000
207 13 3 212.77000
207 12 4 338.72000
207 11 5 7.98000
207 12 5 197.98500
207 13 4 221.23000
207 14 3 167.54000
110 9
169 14 8 67.47000
169 14 7 371.68000
169 15 8 180.54000
169 14 6 485.89000
169 15 7 218.64000
169 16 8 483.18000
169 17 8 352.47000
169 18 8 239.42500
169 17 6 472.70500
111 7
355 12 4 169.36000
355 13 4 221.23000
355 12 3 247.60000
355 12 2 415.10000
355 15 4 145.67000
355 14 3 436.96000
355 16 4 136.08000
112 16
195 16 9 166.96500
195 14 9 77.62500
195 13 9 295.97000
195 11 8 351.21000
195 11 9 176.03000
196 17 9 220.27500
196 14 9 155.25000
196 13 9 295.97000
196 11 8 175.60500
196 11 9 176.03000
197 17 8 176.23500
197 17 9 440.55000
197 13 8 8.78000
197 14 9 155.25000
197 12 8 25.12500
197 13 9 18.13000
113 2
248 7 6 431.09000
248 7 5 124.91000
114 13
95 19 5 83.38500
96 19 5 166.77000
96 20 5 8.38500
97 20 5 16.77000
97 19 5 166.77000
98 19 5 166.77000
98 20 5 16.77000
99 19 5 166.77000
99 20 5 16.77000
100 19 5 83.38500
100 20 5 16.77000
101 20 5 8.38500
105 19 5 16.30000
115 10
238 4 7 322.16000
238 3 6 10.88000
239 4 7 322.16000
239 3 6 10.88000
239 4 6 137.70000
240 4 7 322.16000
240 4 6 275.40000
240 3 7 111.89500
240 3 6 10.88000
241 4 7 158.88500
116 9
68 11 4 77.66000
68 12 4 338.72000
68 13 4 221.23000
68 14 4 368.36000
68 16 4 102.09000
68 17 4 218.33000
68 18 4 243.91000
68 19 4 97.59000
68 20 4 188.11000
117 5
226 17 1 97.24000
226 16 1 134.68000
226 17 3 121.66000
226 16 2 83.63500
226 17 4 23.78500
118 12
293 6 0 195.47500
293 6 2 77.16500
293 7 2 107.18500
293 8 2 283.75000
293 9 1 403.33000
293 8 0 200.32000
293 9 2 132.78000
293 9 0 50.76000
293 12 0 285.69000
293 12 2 415.10000
294 6 1 90.94500
294 7 2 77.50000
119 11
239 18 8 239.42500
239 18 7 142.12500
239 17 8 352.47000
239 18 6 92.44000
239 16 8 483.18000
239 17 6 496.40000
239 15 8 180.54000
239 18 4 243.91000
239 15 7 218.64000
239 14 8 67.47000
239 18 3 33.40000
120 1
260 17 6 233.00000
121 13
242 8 5 19.55000
242 8 6 164.53000
242 6 5 228.08000
242 9 6 19.90000
243 8 5 19.55000
243 8 6 329.06000
243 9 5 247.92000
243 9 6 19.90000
243 6 5 456.16000
244 8 5 19.55000
244 7 5 68.33000
244 8 6 329.06000
244 6 5 113.41000
122 18
61 4 9 77.31000
61 3 9 79.72000
61 5 9 245.19500
61 2 9 71.66500
61 1 9 50.20000
61 7 9 114.13000
61 9 9 40.41000
61 12 9 86.36000
61 15 9 105.34000
61 16 9 333.93000
61 17 9 220.27500
62 4 9 77.31000
62 3 9 39.86000
62 5 9 490.39000
62 2 9 143.33000
62 7 9 57.06500
62 9 9 80.82000
62 10 9 21.69000
123 1
361 11 8 160.00000
124 6
245 10 9 109.42000
245 9 9 80.82000
245 8 9 221.90000
245 6 9 217.24000
246 6 9 434.48000
247 6 9 112.14000
125 9
117 8 7 276.64000
117 7 7 488.74000
117 8 6 164.53000
117 6 7 85.23000
117 7 6 431.09000
117 10 7 202.49500
117 6 6 360.43000
117 11 7 84.98000
117 4 7 82.86500
126 2
336 5 8 301.85000
336 6 9 151.15000
127 12
309 11 5 15.96000
309 7 5 68.33000
309 5 5 131.06000
309 3 5 212.15000
309 2 5 136.88000
309 1 5 350.09000
310 11 5 15.96000
310 5 5 131.06000
310 4 5 244.11500
310 3 5 212.15000
310 2 5 136.88000
310 1 5 274.36500
128 7
212 14 2 411.19000
212 14 3 218.48000
212 14 4 184.18000
212 16 2 167.27000
212 13 6 45.37500
212 15 4 145.67000
212 16 3 260.83500
129 10
96 19 3 117.24000
97 19 3 58.62000
97 18 3 193.48500
98 18 3 386.97000
99 18 3 386.97000
100 18 3 386.97000
101 18 3 386.97000
102 18 3 193.48500
102 19 3 58.62000
103 19 3 84.67000
130 5
77 17 3 243.32000
77 17 4 218.33000
77 17 1 97.24000
77 17 0 205.13000
78 17 0 163.98000
131 11
50 10 1 35.84000
50 11 1 457.61000
50 11 0 476.63000
50 12 1 348.30000
50 12 0 142.84500
50 13 1 170.59000
50 13 0 171.52500
50 14 1 498.79000
51 10 1 17.92000
51 11 1 457.61000
51 11 0 33.34000
132 3
50 14 7 371.68000
50 14 8 67.47000
50 13 7 91.85000
133 8
207 14 7 185.84000
207 14 6 485.89000
207 15 6 20.62000
207 17 7 36.94000
207 18 6 46.22000
208 14 7 371.68000
208 14 6 485.89000
208 18 6 45.92000
134 2
104 16 3 377.15000
104 16 4 118.85000
135 6
65 16 9 166.96500
66 17 9 220.27500
67 17 9 440.55000
68 17 9 440.55000
68 15 9 52.67000
69 15 9 77.99000
136 18
63 16 6 6.93500
63 15 6 41.24000
63 13 6 90.75000
63 10 6 382.08000
64 16 6 13.87000
64 15 6 41.24000
64 13 6 90.75000
64 10 6 382.08000
65 16 6 13.87000
65 14 6 242.94500
65 15 6 41.24000
65 13 6 90.75000
65 12 6 174.08500
65 11 6 62.80500
65 10 6 191.04000
66 16 6 13.87000
66 15 6 41.24000
66 14 6 275.21000
137 8
54 15 1 144.08500
54 14 0 399.81000
54 12 0 285.69000
54 10 0 157.31500
55 14 0 399.81000
55 13 0 171.52500
55 12 0 142.84500
55 10 0 78.92000
138 4
255 17 7 73.88000
255 15 5 65.69000
255 14 9 77.62500
255 14 5 18.80500
139 17
170 2 7 483.13000
170 1 7 9.15000
170 3 7 111.89500
170 0 7 240.34000
170 4 7 322.16000
170 1 9 100.40000
170 3 9 79.72000
170 4 8 109.91500
170 5 7 37.17000
170 4 9 77.31000
170 6 7 170.46000
170 6 8 35.78000
170 6 9 217.24000
170 7 8 132.74500
170 8 7 138.32000
170 7 9 114.13000
170 8 8 115.13500
140 4
89 13 5 485.35000
89 13 4 110.61500
89 11 5 15.96000
89 13 7 259.07500
141 12
396 11 8 175.60500
396 11 9 176.03000
396 13 9 295.97000
396 14 9 155.25000
396 17 9 220.27500
397 11 9 88.01500
397 12 8 25.12500
397 12 9 43.18000
397 13 8 8.78000
397 13 9 147.98500
397 14 9 155.25000
397 17 9 112.53500
