20 8 2 26 43
20 3 9 25 255
20 4 14 25 86
20 13 3 20 72
20 8 2 25 85
20 16 2 14 6
20 9 6 12 215
20 9 8 26 147
20 9 4 3 66
20 4 14 4 230
20 16 1 18 201
20 14 2 13 76
20 3 6 26 130
20 5 9 21 163
20 13 5 27 104
20 11 11 6 73
20 10 6 18 177
20 5 6 11 230
20 12 14 26 247
20 8 9 2 6
20 4 15 14 166
20 6 4 26 229
20 12 11 13 196
20 2 3 1 175
20 13 2 7 153
20 14 2 32 53
20 2 15 26 254
20 7 1 10 184
20 2 16 4 59
20 15 16 1 45
20 5 6 27 201
20 12 1 10 179
20 15 3 23 182
20 3 13 16 222
20 16 9 8 190
20 15 16 19 98
20 1 15 25 152
20 8 15 21 99
20 8 8 31 72
20 2 9 10 143
