382 789 102 610 580 842 886 57 699 754 411 721 166 721 312 49 814 951 913 280 350 16 655 0
497 459 102 621 756 40 376 116 65 23 179 554 516 751 818 100 695 384 501 776 7 913 771 0
12 12 708 78 953 613 454 926 131 122 193 436 800 555 690 645 352 579 474 810 354 198 181 0
922 716 79 907 995 245 236 414 964 102 109 523 258 232 6 766 991 12 847 483 838 607 273 0
363 18 45 711 609 258 940 600 177 948 706 425 521 859 260 173 465 504 856 611 753 726 483 0
643 507 661 257 351 809 426 307 379 99 635 416 6 222 849 767 574 806 435 129 438 260 926 0
931 414 129 117 774 10 795 900 571 689 415 661 488 525 184 965 486 614 847 627 584 625 373 0
273 760 795 949 825 3 68 790 263 117 518 876 393 924 318 908 955 476 267 111 150 152 150 0
701 852 932 351 476 140 599 16 456 201 616 168 212 274 351 674 653 965 632 742 478 169 534 0
582 168 983 194 236 556 705 186 899 489 975 805 628 659 609 191 1 862 928 671 471 193 763 0
0 0